+++ BaseLevel
name 2024-12-13-141632185
type BaseLevel
seed 914
pos 240 575
---

+++ TrunkLevel
name 2024-12-13-142706996
type TrunkLevel
seed 1914
pos 246 403
---
totalLen 11
radiusMax 0.1
radiusExpandFactor 1.2
angleTangential 10
gravitySpinAngle 10
gravityGradientCtrlPts 0 0 0.25 0 0.5 0 1 0 
gravityGradient 0 0 0.0333008 0 0.0664063 0 0.0991211 0 0.13125 0 0.162598 0 0.192969 0 0.222168 0 0.25 0 0.276465 0 0.302344 0 0.328613 0 0.35625 0 0.38623 0 0.419531 0 0.457129 0 0.5 0 0.548828 0 0.603125 0 0.662109 0 0.725 0 0.791016 0 0.859375 0 0.929297 0 1 0 
twistNodeProperty 5 0.02
---

+++ BranchLevel
name 2024-12-13-143439730
type BranchLevel
seed 1914
pos 193 263
---
totalLen 3
radiusMax 0.03
radiusExpandFactor 1.2
angleTangential 120
gravitySpinAngle 10
gravityGradientCtrlPts 0 0 0.25 0 0.5 0 1 0 
gravityGradient 0 0 0.0333008 0 0.0664063 0 0.0991211 0 0.13125 0 0.162598 0 0.192969 0 0.222168 0 0.25 0 0.276465 0 0.302344 0 0.328613 0 0.35625 0 0.38623 0 0.419531 0 0.457129 0 0.5 0 0.548828 0 0.603125 0 0.662109 0 0.725 0 0.791016 0 0.859375 0 0.929297 0 1 0 
twistNodeProperty 5 0.05
---
subBranchNum 60
subStart 0
subEnd 1
lenGradientCtrlPts 0 0.8 0.25 1 0.5 1 1 0.4 
lenGradient 0 0.91161 0.0238153 0.926184 0.0475365 0.940422 0.0710696 0.953988 0.0943204 0.966548 0.117195 0.977764 0.139599 0.987302 0.161439 0.994826 0.18262 1 0.203076 1.00265 0.222851 1.00326 0.242018 1.00247 0.260647 1.00092 0.278812 0.999254 0.296583 0.998118 0.314033 0.998152 0.331234 1 0.348265 1.004 0.365235 1.00925 0.38226 1.01456 0.399457 1.01873 0.416943 1.02056 0.434833 1.01884 0.453244 1.01239 0.472292 1 0.492064 0.98082 0.512525 0.955409 0.533609 0.924672 0.555251 0.889517 0.577386 0.85085 0.599949 0.809578 0.622874 0.766608 0.646096 0.722846 0.669545 0.679051 0.693135 0.635384 0.716774 0.591857 0.74037 0.548484 0.763832 0.505277 0.787067 0.462248 0.809985 0.419412 0.832494 0.376779 0.854527 0.334357 0.876123 0.292124 0.897343 0.250055 0.91825 0.208121 0.938906 0.166295 0.959375 0.124551 0.979719 0.0828613 1 0.0411985 
---

+++ BranchLevel
name 2024-12-13-143955192
type BranchLevel
seed 1914
pos 209 135
---
totalLen 0.5
radiusMax 0.06
radiusExpandFactor 1.2
angleTangential 40
gravitySpinAngle 10
gravityGradientCtrlPts 0 0 0.25 0 0.5 0 1 0 
gravityGradient 0 0 0.0333008 0 0.0664063 0 0.0991211 0 0.13125 0 0.162598 0 0.192969 0 0.222168 0 0.25 0 0.276465 0 0.302344 0 0.328613 0 0.35625 0 0.38623 0 0.419531 0 0.457129 0 0.5 0 0.548828 0 0.603125 0 0.662109 0 0.725 0 0.791016 0 0.859375 0 0.929297 0 1 0 
twistNodeProperty 5 0.05
---
subBranchNum 30
subStart 0
subEnd 1
lenGradientCtrlPts 0 0.8 0.25 1 0.5 1 1 0.4 
lenGradient 0 0.8 0.0333008 0.826641 0.0664063 0.853125 0.0991211 0.879297 0.13125 0.905 0.162598 0.930078 0.192969 0.954375 0.222168 0.977734 0.25 1 0.276465 1.02078 0.302344 1.03875 0.328613 1.05234 0.35625 1.06 0.38623 1.06016 0.419531 1.05125 0.457129 1.03172 0.5 1 0.548828 0.955078 0.603125 0.898125 0.662109 0.830859 0.725 0.755 0.791016 0.672266 0.859375 0.584375 0.929297 0.493047 1 0.4 
---

+++ BranchLevel
name 2024-12-13-144320694
type BranchLevel
seed 1914
pos 359 288
---
totalLen 0.8
radiusMax 0.06
radiusExpandFactor 1.2
angleTangential 120
gravitySpinAngle 10
gravityGradientCtrlPts 0 0 0.25 0 0.5 0 1 0 
gravityGradient 0 0 0.0333008 0 0.0664063 0 0.0991211 0 0.13125 0 0.162598 0 0.192969 0 0.222168 0 0.25 0 0.276465 0 0.302344 0 0.328613 0 0.35625 0 0.38623 0 0.419531 0 0.457129 0 0.5 0 0.548828 0 0.603125 0 0.662109 0 0.725 0 0.791016 0 0.859375 0 0.929297 0 1 0 
twistNodeProperty 5 0.05
---
subBranchNum 100
subStart 0
subEnd 1
lenGradientCtrlPts 0 0.8 0.25 1 0.5 1 1 0.4 
lenGradient 0 0.8 0.0333008 0.826641 0.0664063 0.853125 0.0991211 0.879297 0.13125 0.905 0.162598 0.930078 0.192969 0.954375 0.222168 0.977734 0.25 1 0.276465 1.02078 0.302344 1.03875 0.328613 1.05234 0.35625 1.06 0.38623 1.06016 0.419531 1.05125 0.457129 1.03172 0.5 1 0.548828 0.955078 0.603125 0.898125 0.662109 0.830859 0.725 0.755 0.791016 0.672266 0.859375 0.584375 0.929297 0.493047 1 0.4 
---

+++ LeafLevel
name 2024-12-13-144415344
type LeafLevel
seed 1914
pos 329 64
---
leafNum 1
subStart 0.4
subEnd 1
leafTextures AcaciaLeaf.png
leafSize 0.4
gravityFactor 5
---

